{
 "cells": [
  {
   "cell_type": "markdown",
   "metadata": {},
   "source": [
    "#### From Dec 26, 2016 to Dec 23, 2021 -- Reliance, Airtel, Infosys, HDFC, ITC"
   ]
  },
  {
   "cell_type": "code",
   "execution_count": 1,
   "metadata": {},
   "outputs": [],
   "source": [
    "# Import the libraries\n",
    "import pandas as pd\n",
    "import numpy as np\n",
    "import matplotlib.pyplot as plt\n",
    "import seaborn as sns"
   ]
  },
  {
   "cell_type": "code",
   "execution_count": 2,
   "metadata": {},
   "outputs": [],
   "source": [
    "# Load the datasets\n",
    "rel5 = pd.read_csv(\"RELIANCE.NS.csv\")\n",
    "airt5 = pd.read_csv(\"BHARTIARTL.NS.csv\")\n",
    "inf5 = pd.read_csv(\"INFY.NS.csv\")\n",
    "hdfc5 = pd.read_csv(\"HDFCBANK.NS.csv\")\n",
    "itc5 = pd.read_csv(\"ITC.NS.csv\")"
   ]
  },
  {
   "cell_type": "code",
   "execution_count": 3,
   "metadata": {},
   "outputs": [
    {
     "name": "stdout",
     "output_type": "stream",
     "text": [
      "(1235, 7)\n",
      "(1235, 7)\n",
      "(1235, 7)\n",
      "(1235, 7)\n",
      "(1235, 7)\n"
     ]
    }
   ],
   "source": [
    "print(rel5.shape)\n",
    "print(airt5.shape)\n",
    "print(inf5.shape)\n",
    "print(hdfc5.shape)\n",
    "print(itc5.shape)"
   ]
  },
  {
   "cell_type": "code",
   "execution_count": 4,
   "metadata": {},
   "outputs": [
    {
     "data": {
      "text/html": [
       "<div>\n",
       "<style scoped>\n",
       "    .dataframe tbody tr th:only-of-type {\n",
       "        vertical-align: middle;\n",
       "    }\n",
       "\n",
       "    .dataframe tbody tr th {\n",
       "        vertical-align: top;\n",
       "    }\n",
       "\n",
       "    .dataframe thead th {\n",
       "        text-align: right;\n",
       "    }\n",
       "</style>\n",
       "<table border=\"1\" class=\"dataframe\">\n",
       "  <thead>\n",
       "    <tr style=\"text-align: right;\">\n",
       "      <th></th>\n",
       "      <th>Date</th>\n",
       "      <th>Open</th>\n",
       "      <th>High</th>\n",
       "      <th>Low</th>\n",
       "      <th>Close</th>\n",
       "      <th>Adj Close</th>\n",
       "      <th>Volume</th>\n",
       "    </tr>\n",
       "  </thead>\n",
       "  <tbody>\n",
       "    <tr>\n",
       "      <th>0</th>\n",
       "      <td>2016-12-26</td>\n",
       "      <td>522.224854</td>\n",
       "      <td>527.995117</td>\n",
       "      <td>517.420349</td>\n",
       "      <td>518.807251</td>\n",
       "      <td>505.524445</td>\n",
       "      <td>7070994</td>\n",
       "    </tr>\n",
       "    <tr>\n",
       "      <th>1</th>\n",
       "      <td>2016-12-27</td>\n",
       "      <td>519.005371</td>\n",
       "      <td>528.539978</td>\n",
       "      <td>518.584351</td>\n",
       "      <td>527.351257</td>\n",
       "      <td>513.849670</td>\n",
       "      <td>8049872</td>\n",
       "    </tr>\n",
       "    <tr>\n",
       "      <th>2</th>\n",
       "      <td>2016-12-28</td>\n",
       "      <td>528.936218</td>\n",
       "      <td>529.753479</td>\n",
       "      <td>518.633850</td>\n",
       "      <td>519.921692</td>\n",
       "      <td>506.610321</td>\n",
       "      <td>4447617</td>\n",
       "    </tr>\n",
       "    <tr>\n",
       "      <th>3</th>\n",
       "      <td>2016-12-29</td>\n",
       "      <td>520.070251</td>\n",
       "      <td>529.381958</td>\n",
       "      <td>519.822571</td>\n",
       "      <td>527.722717</td>\n",
       "      <td>514.211609</td>\n",
       "      <td>4048426</td>\n",
       "    </tr>\n",
       "    <tr>\n",
       "      <th>4</th>\n",
       "      <td>2016-12-30</td>\n",
       "      <td>527.400757</td>\n",
       "      <td>537.405945</td>\n",
       "      <td>526.558777</td>\n",
       "      <td>536.118164</td>\n",
       "      <td>522.392151</td>\n",
       "      <td>7251073</td>\n",
       "    </tr>\n",
       "  </tbody>\n",
       "</table>\n",
       "</div>"
      ],
      "text/plain": [
       "         Date        Open        High         Low       Close   Adj Close  \\\n",
       "0  2016-12-26  522.224854  527.995117  517.420349  518.807251  505.524445   \n",
       "1  2016-12-27  519.005371  528.539978  518.584351  527.351257  513.849670   \n",
       "2  2016-12-28  528.936218  529.753479  518.633850  519.921692  506.610321   \n",
       "3  2016-12-29  520.070251  529.381958  519.822571  527.722717  514.211609   \n",
       "4  2016-12-30  527.400757  537.405945  526.558777  536.118164  522.392151   \n",
       "\n",
       "    Volume  \n",
       "0  7070994  \n",
       "1  8049872  \n",
       "2  4447617  \n",
       "3  4048426  \n",
       "4  7251073  "
      ]
     },
     "execution_count": 4,
     "metadata": {},
     "output_type": "execute_result"
    }
   ],
   "source": [
    "rel5.head()"
   ]
  },
  {
   "cell_type": "code",
   "execution_count": 5,
   "metadata": {},
   "outputs": [
    {
     "data": {
      "text/html": [
       "<div>\n",
       "<style scoped>\n",
       "    .dataframe tbody tr th:only-of-type {\n",
       "        vertical-align: middle;\n",
       "    }\n",
       "\n",
       "    .dataframe tbody tr th {\n",
       "        vertical-align: top;\n",
       "    }\n",
       "\n",
       "    .dataframe thead th {\n",
       "        text-align: right;\n",
       "    }\n",
       "</style>\n",
       "<table border=\"1\" class=\"dataframe\">\n",
       "  <thead>\n",
       "    <tr style=\"text-align: right;\">\n",
       "      <th></th>\n",
       "      <th>Date</th>\n",
       "      <th>High</th>\n",
       "      <th>Low</th>\n",
       "    </tr>\n",
       "  </thead>\n",
       "  <tbody>\n",
       "    <tr>\n",
       "      <th>0</th>\n",
       "      <td>2016-12-26</td>\n",
       "      <td>527.995117</td>\n",
       "      <td>517.420349</td>\n",
       "    </tr>\n",
       "    <tr>\n",
       "      <th>1</th>\n",
       "      <td>2016-12-27</td>\n",
       "      <td>528.539978</td>\n",
       "      <td>518.584351</td>\n",
       "    </tr>\n",
       "    <tr>\n",
       "      <th>2</th>\n",
       "      <td>2016-12-28</td>\n",
       "      <td>529.753479</td>\n",
       "      <td>518.633850</td>\n",
       "    </tr>\n",
       "    <tr>\n",
       "      <th>3</th>\n",
       "      <td>2016-12-29</td>\n",
       "      <td>529.381958</td>\n",
       "      <td>519.822571</td>\n",
       "    </tr>\n",
       "    <tr>\n",
       "      <th>4</th>\n",
       "      <td>2016-12-30</td>\n",
       "      <td>537.405945</td>\n",
       "      <td>526.558777</td>\n",
       "    </tr>\n",
       "  </tbody>\n",
       "</table>\n",
       "</div>"
      ],
      "text/plain": [
       "         Date        High         Low\n",
       "0  2016-12-26  527.995117  517.420349\n",
       "1  2016-12-27  528.539978  518.584351\n",
       "2  2016-12-28  529.753479  518.633850\n",
       "3  2016-12-29  529.381958  519.822571\n",
       "4  2016-12-30  537.405945  526.558777"
      ]
     },
     "execution_count": 5,
     "metadata": {},
     "output_type": "execute_result"
    }
   ],
   "source": [
    "# Dropping unnecessary columns\n",
    "rel5.drop(columns=['Open', 'Close', 'Adj Close', 'Volume'], inplace=True)\n",
    "rel5.head()"
   ]
  },
  {
   "cell_type": "code",
   "execution_count": 6,
   "metadata": {},
   "outputs": [],
   "source": [
    "airt5.drop(columns=['Open', 'Close', 'Adj Close', 'Volume'], inplace=True)\n",
    "inf5.drop(columns=['Open', 'Close', 'Adj Close', 'Volume'], inplace=True)\n",
    "hdfc5.drop(columns=['Open', 'Close', 'Adj Close', 'Volume'], inplace=True)\n",
    "itc5.drop(columns=['Open', 'Close', 'Adj Close', 'Volume'], inplace=True)"
   ]
  },
  {
   "cell_type": "code",
   "execution_count": 7,
   "metadata": {},
   "outputs": [
    {
     "data": {
      "text/html": [
       "<div>\n",
       "<style scoped>\n",
       "    .dataframe tbody tr th:only-of-type {\n",
       "        vertical-align: middle;\n",
       "    }\n",
       "\n",
       "    .dataframe tbody tr th {\n",
       "        vertical-align: top;\n",
       "    }\n",
       "\n",
       "    .dataframe thead th {\n",
       "        text-align: right;\n",
       "    }\n",
       "</style>\n",
       "<table border=\"1\" class=\"dataframe\">\n",
       "  <thead>\n",
       "    <tr style=\"text-align: right;\">\n",
       "      <th></th>\n",
       "      <th>Date</th>\n",
       "      <th>High</th>\n",
       "      <th>Low</th>\n",
       "      <th>Price</th>\n",
       "    </tr>\n",
       "  </thead>\n",
       "  <tbody>\n",
       "    <tr>\n",
       "      <th>0</th>\n",
       "      <td>2016-12-26</td>\n",
       "      <td>527.995117</td>\n",
       "      <td>517.420349</td>\n",
       "      <td>522.707733</td>\n",
       "    </tr>\n",
       "    <tr>\n",
       "      <th>1</th>\n",
       "      <td>2016-12-27</td>\n",
       "      <td>528.539978</td>\n",
       "      <td>518.584351</td>\n",
       "      <td>523.562164</td>\n",
       "    </tr>\n",
       "    <tr>\n",
       "      <th>2</th>\n",
       "      <td>2016-12-28</td>\n",
       "      <td>529.753479</td>\n",
       "      <td>518.633850</td>\n",
       "      <td>524.193665</td>\n",
       "    </tr>\n",
       "    <tr>\n",
       "      <th>3</th>\n",
       "      <td>2016-12-29</td>\n",
       "      <td>529.381958</td>\n",
       "      <td>519.822571</td>\n",
       "      <td>524.602265</td>\n",
       "    </tr>\n",
       "    <tr>\n",
       "      <th>4</th>\n",
       "      <td>2016-12-30</td>\n",
       "      <td>537.405945</td>\n",
       "      <td>526.558777</td>\n",
       "      <td>531.982361</td>\n",
       "    </tr>\n",
       "  </tbody>\n",
       "</table>\n",
       "</div>"
      ],
      "text/plain": [
       "         Date        High         Low       Price\n",
       "0  2016-12-26  527.995117  517.420349  522.707733\n",
       "1  2016-12-27  528.539978  518.584351  523.562164\n",
       "2  2016-12-28  529.753479  518.633850  524.193665\n",
       "3  2016-12-29  529.381958  519.822571  524.602265\n",
       "4  2016-12-30  537.405945  526.558777  531.982361"
      ]
     },
     "execution_count": 7,
     "metadata": {},
     "output_type": "execute_result"
    }
   ],
   "source": [
    "# Taking new column Price, average of High & Low\n",
    "rel5['Price'] = (rel5['High'] + rel5['Low'])/2\n",
    "rel5.head()"
   ]
  },
  {
   "cell_type": "code",
   "execution_count": 8,
   "metadata": {},
   "outputs": [],
   "source": [
    "airt5['Price'] = (airt5['High'] + airt5['Low'])/2\n",
    "inf5['Price'] = (inf5['High'] + inf5['Low'])/2\n",
    "hdfc5['Price'] = (hdfc5['High'] + hdfc5['Low'])/2\n",
    "itc5['Price'] = (itc5['High'] + itc5['Low'])/2"
   ]
  },
  {
   "cell_type": "code",
   "execution_count": 9,
   "metadata": {},
   "outputs": [
    {
     "name": "stdout",
     "output_type": "stream",
     "text": [
      "<class 'pandas.core.frame.DataFrame'>\n",
      "RangeIndex: 1235 entries, 0 to 1234\n",
      "Data columns (total 4 columns):\n",
      " #   Column  Non-Null Count  Dtype  \n",
      "---  ------  --------------  -----  \n",
      " 0   Date    1235 non-null   object \n",
      " 1   High    1235 non-null   float64\n",
      " 2   Low     1235 non-null   float64\n",
      " 3   Price   1235 non-null   float64\n",
      "dtypes: float64(3), object(1)\n",
      "memory usage: 38.7+ KB\n"
     ]
    }
   ],
   "source": [
    "rel5.info()"
   ]
  },
  {
   "cell_type": "code",
   "execution_count": 10,
   "metadata": {},
   "outputs": [
    {
     "name": "stdout",
     "output_type": "stream",
     "text": [
      "(985, 4)\n"
     ]
    },
    {
     "data": {
      "text/html": [
       "<div>\n",
       "<style scoped>\n",
       "    .dataframe tbody tr th:only-of-type {\n",
       "        vertical-align: middle;\n",
       "    }\n",
       "\n",
       "    .dataframe tbody tr th {\n",
       "        vertical-align: top;\n",
       "    }\n",
       "\n",
       "    .dataframe thead th {\n",
       "        text-align: right;\n",
       "    }\n",
       "</style>\n",
       "<table border=\"1\" class=\"dataframe\">\n",
       "  <thead>\n",
       "    <tr style=\"text-align: right;\">\n",
       "      <th></th>\n",
       "      <th>Date</th>\n",
       "      <th>High</th>\n",
       "      <th>Low</th>\n",
       "      <th>Price</th>\n",
       "    </tr>\n",
       "  </thead>\n",
       "  <tbody>\n",
       "    <tr>\n",
       "      <th>250</th>\n",
       "      <td>2017-12-27</td>\n",
       "      <td>928.696899</td>\n",
       "      <td>910.370605</td>\n",
       "      <td>919.533752</td>\n",
       "    </tr>\n",
       "    <tr>\n",
       "      <th>251</th>\n",
       "      <td>2017-12-28</td>\n",
       "      <td>925.625977</td>\n",
       "      <td>910.469666</td>\n",
       "      <td>918.047822</td>\n",
       "    </tr>\n",
       "    <tr>\n",
       "      <th>252</th>\n",
       "      <td>2017-12-29</td>\n",
       "      <td>923.545715</td>\n",
       "      <td>909.875305</td>\n",
       "      <td>916.710510</td>\n",
       "    </tr>\n",
       "    <tr>\n",
       "      <th>253</th>\n",
       "      <td>2018-01-01</td>\n",
       "      <td>914.035828</td>\n",
       "      <td>898.978577</td>\n",
       "      <td>906.507202</td>\n",
       "    </tr>\n",
       "    <tr>\n",
       "      <th>254</th>\n",
       "      <td>2018-01-02</td>\n",
       "      <td>910.915405</td>\n",
       "      <td>897.888916</td>\n",
       "      <td>904.402161</td>\n",
       "    </tr>\n",
       "  </tbody>\n",
       "</table>\n",
       "</div>"
      ],
      "text/plain": [
       "           Date        High         Low       Price\n",
       "250  2017-12-27  928.696899  910.370605  919.533752\n",
       "251  2017-12-28  925.625977  910.469666  918.047822\n",
       "252  2017-12-29  923.545715  909.875305  916.710510\n",
       "253  2018-01-01  914.035828  898.978577  906.507202\n",
       "254  2018-01-02  910.915405  897.888916  904.402161"
      ]
     },
     "execution_count": 10,
     "metadata": {},
     "output_type": "execute_result"
    }
   ],
   "source": [
    "# past 4 years' data of Reliance\n",
    "rel4 = rel5[rel5['Date'] > '2017-12-26']\n",
    "print(rel4.shape)\n",
    "rel4.head()"
   ]
  },
  {
   "cell_type": "code",
   "execution_count": 11,
   "metadata": {},
   "outputs": [],
   "source": [
    "# past 4 years' data of others\n",
    "airt4 = airt5[airt5['Date'] > '2017-12-26']\n",
    "inf4 = inf5[inf5['Date'] > '2017-12-26']\n",
    "hdfc4 = hdfc5[hdfc5['Date'] > '2017-12-26']\n",
    "itc4 = itc5[itc5['Date'] > '2017-12-26']"
   ]
  },
  {
   "cell_type": "code",
   "execution_count": 12,
   "metadata": {},
   "outputs": [
    {
     "name": "stdout",
     "output_type": "stream",
     "text": [
      "(739, 4)\n"
     ]
    }
   ],
   "source": [
    "# past 3 years' data of all\n",
    "rel3 = rel4[rel4['Date'] > '2018-12-26']\n",
    "airt3 = airt4[airt4['Date'] > '2018-12-26']\n",
    "inf3 = inf4[inf4['Date'] > '2018-12-26']\n",
    "hdfc3 = hdfc4[hdfc4['Date'] > '2018-12-26']\n",
    "itc3 = itc4[itc4['Date'] > '2018-12-26']\n",
    "\n",
    "print(rel3.shape)"
   ]
  },
  {
   "cell_type": "code",
   "execution_count": 13,
   "metadata": {},
   "outputs": [
    {
     "name": "stdout",
     "output_type": "stream",
     "text": [
      "(496, 4)\n"
     ]
    }
   ],
   "source": [
    "# past 2 years' data of all\n",
    "rel2 = rel3[rel3['Date'] > '2019-12-26']\n",
    "airt2 = airt3[airt3['Date'] > '2019-12-26']\n",
    "inf2 = inf3[inf3['Date'] > '2019-12-26']\n",
    "hdfc2 = hdfc3[hdfc3['Date'] > '2019-12-26']\n",
    "itc2 = itc3[itc3['Date'] > '2019-12-26']\n",
    "\n",
    "print(rel2.shape)"
   ]
  },
  {
   "cell_type": "code",
   "execution_count": 14,
   "metadata": {},
   "outputs": [
    {
     "name": "stdout",
     "output_type": "stream",
     "text": [
      "(246, 4)\n"
     ]
    }
   ],
   "source": [
    "# past 1 year data of all\n",
    "rel1 = rel2[rel2['Date'] > '2020-12-26']\n",
    "airt1 = airt2[airt2['Date'] > '2020-12-26']\n",
    "inf1 = inf2[inf2['Date'] > '2020-12-26']\n",
    "hdfc1 = hdfc2[hdfc2['Date'] > '2020-12-26']\n",
    "itc1 = itc2[itc2['Date'] > '2020-12-26']\n",
    "\n",
    "print(rel1.shape)"
   ]
  },
  {
   "cell_type": "markdown",
   "metadata": {},
   "source": [
    "## Task 1\n",
    "Generate One Step Transition Probability Matrix for depreciation/appreciation of 10%, 8%, 5%, 2% and 1%."
   ]
  },
  {
   "cell_type": "code",
   "execution_count": 15,
   "metadata": {},
   "outputs": [],
   "source": [
    "# Convert Price column to list\n",
    "rel5_prices = rel5['Price'].tolist()\n",
    "airt5_prices = airt5['Price'].tolist()\n",
    "inf5_prices = inf5['Price'].tolist()\n",
    "hdfc5_prices = hdfc5['Price'].tolist()\n",
    "itc5_prices = itc5['Price'].tolist()\n",
    "\n",
    "rel4_prices = rel4['Price'].tolist()\n",
    "airt4_prices = airt4['Price'].tolist()\n",
    "inf4_prices = inf4['Price'].tolist()\n",
    "hdfc4_prices = hdfc4['Price'].tolist()\n",
    "itc4_prices = itc4['Price'].tolist()\n",
    "\n",
    "rel3_prices = rel3['Price'].tolist()\n",
    "airt3_prices = airt3['Price'].tolist()\n",
    "inf3_prices = inf3['Price'].tolist()\n",
    "hdfc3_prices = hdfc3['Price'].tolist()\n",
    "itc3_prices = itc3['Price'].tolist()\n",
    "\n",
    "rel2_prices = rel2['Price'].tolist()\n",
    "airt2_prices = airt2['Price'].tolist()\n",
    "inf2_prices = inf2['Price'].tolist()\n",
    "hdfc2_prices = hdfc2['Price'].tolist()\n",
    "itc2_prices = itc2['Price'].tolist()\n",
    "\n",
    "rel1_prices = rel1['Price'].tolist()\n",
    "airt1_prices = airt1['Price'].tolist()\n",
    "inf1_prices = inf1['Price'].tolist()\n",
    "hdfc1_prices = hdfc1['Price'].tolist()\n",
    "itc1_prices = itc1['Price'].tolist()"
   ]
  },
  {
   "cell_type": "code",
   "execution_count": 16,
   "metadata": {},
   "outputs": [],
   "source": [
    "def probability_transition_matrix(prices, depreciation):\n",
    "    for p in depreciation:\n",
    "        prev_price = prices[0]\n",
    "        last_stage = 1\n",
    "        P = np.zeros([3, 3])\n",
    "        TPM = np.zeros([3, 3])\n",
    "        for day_price in prices[1:]:\n",
    "            if (day_price - prev_price)/prev_price < -p:\n",
    "                next_stage = 0\n",
    "                P[last_stage, next_stage] += 1\n",
    "                last_stage = 0\n",
    "            elif (day_price - prev_price)/prev_price >= -p and (day_price - prev_price)/prev_price <= p:\n",
    "                next_stage = 1\n",
    "                P[last_stage, next_stage] += 1\n",
    "                last_stage = 1\n",
    "            else:\n",
    "                next_stage = 2\n",
    "                P[last_stage, next_stage] += 1\n",
    "                last_stage = 2\n",
    "            prev_price = day_price\n",
    "\n",
    "        for i in range(0, 3):\n",
    "            for j in range(0, 3):\n",
    "                TPM[i, j] = P[i, j]/np.sum(P[i])\n",
    "        TPM[np.isnan(TPM)] = 0\n",
    "\n",
    "        print(\"For depreciation of {}%, One step transition matrix is: \\n\".format(p*100))\n",
    "        print(P)\n",
    "        print(\"\\n\")\n",
    "        print(\"Corresponding One step transition probability matrix is :\\n\")\n",
    "        print(TPM)\n",
    "        print(\"\\n\")"
   ]
  },
  {
   "cell_type": "code",
   "execution_count": 17,
   "metadata": {},
   "outputs": [
    {
     "name": "stdout",
     "output_type": "stream",
     "text": [
      "For depreciation of 10.0%, One step transition matrix is: \n",
      "\n",
      "[[   0.    0.    0.]\n",
      " [   0. 1230.    2.]\n",
      " [   0.    2.    0.]]\n",
      "\n",
      "\n",
      "Corresponding One step transition probability matrix is :\n",
      "\n",
      "[[0.         0.         0.        ]\n",
      " [0.         0.99837662 0.00162338]\n",
      " [0.         1.         0.        ]]\n",
      "\n",
      "\n",
      "For depreciation of 8.0%, One step transition matrix is: \n",
      "\n",
      "[[   0.    0.    0.]\n",
      " [   0. 1228.    3.]\n",
      " [   0.    3.    0.]]\n",
      "\n",
      "\n",
      "Corresponding One step transition probability matrix is :\n",
      "\n",
      "[[0.         0.         0.        ]\n",
      " [0.         0.99756296 0.00243704]\n",
      " [0.         1.         0.        ]]\n",
      "\n",
      "\n",
      "For depreciation of 5.0%, One step transition matrix is: \n",
      "\n",
      "[[2.000e+00 5.000e+00 1.000e+00]\n",
      " [5.000e+00 1.204e+03 8.000e+00]\n",
      " [1.000e+00 8.000e+00 0.000e+00]]\n",
      "\n",
      "\n",
      "Corresponding One step transition probability matrix is :\n",
      "\n",
      "[[0.25       0.625      0.125     ]\n",
      " [0.00410846 0.989318   0.00657354]\n",
      " [0.11111111 0.88888889 0.        ]]\n",
      "\n",
      "\n",
      "For depreciation of 2.0%, One step transition matrix is: \n",
      "\n",
      "[[ 12.  52.   7.]\n",
      " [ 56. 938.  66.]\n",
      " [  3.  70.  30.]]\n",
      "\n",
      "\n",
      "Corresponding One step transition probability matrix is :\n",
      "\n",
      "[[0.16901408 0.73239437 0.09859155]\n",
      " [0.05283019 0.88490566 0.06226415]\n",
      " [0.02912621 0.67961165 0.29126214]]\n",
      "\n",
      "\n",
      "For depreciation of 1.0%, One step transition matrix is: \n",
      "\n",
      "[[ 82. 134.  25.]\n",
      " [130. 426. 146.]\n",
      " [ 29. 142. 120.]]\n",
      "\n",
      "\n",
      "Corresponding One step transition probability matrix is :\n",
      "\n",
      "[[0.34024896 0.5560166  0.10373444]\n",
      " [0.18518519 0.60683761 0.20797721]\n",
      " [0.09965636 0.48797251 0.41237113]]\n",
      "\n",
      "\n"
     ]
    },
    {
     "name": "stderr",
     "output_type": "stream",
     "text": [
      "<ipython-input-16-985a247261b4>:24: RuntimeWarning: invalid value encountered in double_scalars\n",
      "  TPM[i, j] = P[i, j]/np.sum(P[i])\n"
     ]
    }
   ],
   "source": [
    "# Reliance\n",
    "depreciation = [0.1, 0.08, 0.05, 0.02, 0.01]\n",
    "\n",
    "probability_transition_matrix(rel5_prices, depreciation)"
   ]
  },
  {
   "cell_type": "code",
   "execution_count": 18,
   "metadata": {},
   "outputs": [
    {
     "name": "stdout",
     "output_type": "stream",
     "text": [
      "For depreciation of 10.0%, One step transition matrix is: \n",
      "\n",
      "[[0.000e+00 0.000e+00 0.000e+00]\n",
      " [0.000e+00 1.232e+03 1.000e+00]\n",
      " [0.000e+00 1.000e+00 0.000e+00]]\n",
      "\n",
      "\n",
      "Corresponding One step transition probability matrix is :\n",
      "\n",
      "[[0.00000000e+00 0.00000000e+00 0.00000000e+00]\n",
      " [0.00000000e+00 9.99188970e-01 8.11030008e-04]\n",
      " [0.00000000e+00 1.00000000e+00 0.00000000e+00]]\n",
      "\n",
      "\n",
      "For depreciation of 8.0%, One step transition matrix is: \n",
      "\n",
      "[[0.000e+00 0.000e+00 1.000e+00]\n",
      " [1.000e+00 1.225e+03 3.000e+00]\n",
      " [0.000e+00 4.000e+00 0.000e+00]]\n",
      "\n",
      "\n",
      "Corresponding One step transition probability matrix is :\n",
      "\n",
      "[[0.00000000e+00 0.00000000e+00 1.00000000e+00]\n",
      " [8.13669650e-04 9.96745321e-01 2.44100895e-03]\n",
      " [0.00000000e+00 1.00000000e+00 0.00000000e+00]]\n",
      "\n",
      "\n",
      "For depreciation of 5.0%, One step transition matrix is: \n",
      "\n",
      "[[0.000e+00 6.000e+00 1.000e+00]\n",
      " [6.000e+00 1.186e+03 1.600e+01]\n",
      " [1.000e+00 1.600e+01 2.000e+00]]\n",
      "\n",
      "\n",
      "Corresponding One step transition probability matrix is :\n",
      "\n",
      "[[0.         0.85714286 0.14285714]\n",
      " [0.00496689 0.98178808 0.01324503]\n",
      " [0.05263158 0.84210526 0.10526316]]\n",
      "\n",
      "\n",
      "For depreciation of 2.0%, One step transition matrix is: \n",
      "\n",
      "[[ 20.  78.  11.]\n",
      " [ 77. 837.  81.]\n",
      " [ 12.  80.  38.]]\n",
      "\n",
      "\n",
      "Corresponding One step transition probability matrix is :\n",
      "\n",
      "[[0.18348624 0.71559633 0.10091743]\n",
      " [0.07738693 0.84120603 0.08140704]\n",
      " [0.09230769 0.61538462 0.29230769]]\n",
      "\n",
      "\n",
      "For depreciation of 1.0%, One step transition matrix is: \n",
      "\n",
      "[[ 96. 136.  58.]\n",
      " [135. 352. 138.]\n",
      " [ 59. 137. 123.]]\n",
      "\n",
      "\n",
      "Corresponding One step transition probability matrix is :\n",
      "\n",
      "[[0.33103448 0.46896552 0.2       ]\n",
      " [0.216      0.5632     0.2208    ]\n",
      " [0.18495298 0.42946708 0.38557994]]\n",
      "\n",
      "\n"
     ]
    },
    {
     "name": "stderr",
     "output_type": "stream",
     "text": [
      "<ipython-input-16-985a247261b4>:24: RuntimeWarning: invalid value encountered in double_scalars\n",
      "  TPM[i, j] = P[i, j]/np.sum(P[i])\n"
     ]
    }
   ],
   "source": [
    "# Airtel\n",
    "probability_transition_matrix(airt5_prices, depreciation)"
   ]
  },
  {
   "cell_type": "code",
   "execution_count": 19,
   "metadata": {},
   "outputs": [
    {
     "name": "stdout",
     "output_type": "stream",
     "text": [
      "For depreciation of 10.0%, One step transition matrix is: \n",
      "\n",
      "[[0.00e+00 1.00e+00 0.00e+00]\n",
      " [1.00e+00 1.23e+03 1.00e+00]\n",
      " [0.00e+00 1.00e+00 0.00e+00]]\n",
      "\n",
      "\n",
      "Corresponding One step transition probability matrix is :\n",
      "\n",
      "[[0.00000000e+00 1.00000000e+00 0.00000000e+00]\n",
      " [8.11688312e-04 9.98376623e-01 8.11688312e-04]\n",
      " [0.00000000e+00 1.00000000e+00 0.00000000e+00]]\n",
      "\n",
      "\n",
      "For depreciation of 8.0%, One step transition matrix is: \n",
      "\n",
      "[[0.000e+00 1.000e+00 0.000e+00]\n",
      " [1.000e+00 1.228e+03 2.000e+00]\n",
      " [0.000e+00 2.000e+00 0.000e+00]]\n",
      "\n",
      "\n",
      "Corresponding One step transition probability matrix is :\n",
      "\n",
      "[[0.00000000e+00 1.00000000e+00 0.00000000e+00]\n",
      " [8.12347685e-04 9.97562957e-01 1.62469537e-03]\n",
      " [0.00000000e+00 1.00000000e+00 0.00000000e+00]]\n",
      "\n",
      "\n",
      "For depreciation of 5.0%, One step transition matrix is: \n",
      "\n",
      "[[1.000e+00 5.000e+00 0.000e+00]\n",
      " [4.000e+00 1.211e+03 6.000e+00]\n",
      " [1.000e+00 5.000e+00 1.000e+00]]\n",
      "\n",
      "\n",
      "Corresponding One step transition probability matrix is :\n",
      "\n",
      "[[0.16666667 0.83333333 0.        ]\n",
      " [0.003276   0.99180999 0.004914  ]\n",
      " [0.14285714 0.71428571 0.14285714]]\n",
      "\n",
      "\n",
      "For depreciation of 2.0%, One step transition matrix is: \n",
      "\n",
      "[[  15.   43.    6.]\n",
      " [  43. 1008.   50.]\n",
      " [   6.   50.   13.]]\n",
      "\n",
      "\n",
      "Corresponding One step transition probability matrix is :\n",
      "\n",
      "[[0.234375   0.671875   0.09375   ]\n",
      " [0.0390554  0.91553134 0.04541326]\n",
      " [0.08695652 0.72463768 0.1884058 ]]\n",
      "\n",
      "\n",
      "For depreciation of 1.0%, One step transition matrix is: \n",
      "\n",
      "[[ 46. 101.  25.]\n",
      " [ 89. 556. 157.]\n",
      " [ 37. 144.  79.]]\n",
      "\n",
      "\n",
      "Corresponding One step transition probability matrix is :\n",
      "\n",
      "[[0.26744186 0.5872093  0.14534884]\n",
      " [0.11097257 0.69326683 0.1957606 ]\n",
      " [0.14230769 0.55384615 0.30384615]]\n",
      "\n",
      "\n"
     ]
    }
   ],
   "source": [
    "# Infosys\n",
    "probability_transition_matrix(inf5_prices, depreciation)"
   ]
  },
  {
   "cell_type": "code",
   "execution_count": 20,
   "metadata": {},
   "outputs": [
    {
     "name": "stdout",
     "output_type": "stream",
     "text": [
      "For depreciation of 10.0%, One step transition matrix is: \n",
      "\n",
      "[[   0.    0.    0.]\n",
      " [   0. 1234.    0.]\n",
      " [   0.    0.    0.]]\n",
      "\n",
      "\n",
      "Corresponding One step transition probability matrix is :\n",
      "\n",
      "[[0. 0. 0.]\n",
      " [0. 1. 0.]\n",
      " [0. 0. 0.]]\n",
      "\n",
      "\n",
      "For depreciation of 8.0%, One step transition matrix is: \n",
      "\n",
      "[[   0.    0.    0.]\n",
      " [   0. 1230.    2.]\n",
      " [   0.    2.    0.]]\n",
      "\n",
      "\n",
      "Corresponding One step transition probability matrix is :\n",
      "\n",
      "[[0.         0.         0.        ]\n",
      " [0.         0.99837662 0.00162338]\n",
      " [0.         1.         0.        ]]\n",
      "\n",
      "\n",
      "For depreciation of 5.0%, One step transition matrix is: \n",
      "\n",
      "[[1.000e+00 5.000e+00 0.000e+00]\n",
      " [5.000e+00 1.206e+03 8.000e+00]\n",
      " [0.000e+00 8.000e+00 1.000e+00]]\n",
      "\n",
      "\n",
      "Corresponding One step transition probability matrix is :\n",
      "\n",
      "[[0.16666667 0.83333333 0.        ]\n",
      " [0.00410172 0.98933552 0.00656276]\n",
      " [0.         0.88888889 0.11111111]]\n",
      "\n",
      "\n",
      "For depreciation of 2.0%, One step transition matrix is: \n",
      "\n",
      "[[  11.   32.    4.]\n",
      " [  31. 1063.   39.]\n",
      " [   5.   38.   11.]]\n",
      "\n",
      "\n",
      "Corresponding One step transition probability matrix is :\n",
      "\n",
      "[[0.23404255 0.68085106 0.08510638]\n",
      " [0.02736099 0.93821712 0.03442189]\n",
      " [0.09259259 0.7037037  0.2037037 ]]\n",
      "\n",
      "\n",
      "For depreciation of 1.0%, One step transition matrix is: \n",
      "\n",
      "[[ 44.  94.  27.]\n",
      " [ 96. 664. 108.]\n",
      " [ 25. 110.  66.]]\n",
      "\n",
      "\n",
      "Corresponding One step transition probability matrix is :\n",
      "\n",
      "[[0.26666667 0.56969697 0.16363636]\n",
      " [0.11059908 0.76497696 0.12442396]\n",
      " [0.12437811 0.54726368 0.32835821]]\n",
      "\n",
      "\n"
     ]
    },
    {
     "name": "stderr",
     "output_type": "stream",
     "text": [
      "<ipython-input-16-985a247261b4>:24: RuntimeWarning: invalid value encountered in double_scalars\n",
      "  TPM[i, j] = P[i, j]/np.sum(P[i])\n"
     ]
    }
   ],
   "source": [
    "# HDFC\n",
    "probability_transition_matrix(hdfc5_prices, depreciation)"
   ]
  },
  {
   "cell_type": "code",
   "execution_count": 21,
   "metadata": {},
   "outputs": [
    {
     "name": "stdout",
     "output_type": "stream",
     "text": [
      "For depreciation of 10.0%, One step transition matrix is: \n",
      "\n",
      "[[0.000e+00 2.000e+00 0.000e+00]\n",
      " [2.000e+00 1.228e+03 1.000e+00]\n",
      " [0.000e+00 1.000e+00 0.000e+00]]\n",
      "\n",
      "\n",
      "Corresponding One step transition probability matrix is :\n",
      "\n",
      "[[0.00000000e+00 1.00000000e+00 0.00000000e+00]\n",
      " [1.62469537e-03 9.97562957e-01 8.12347685e-04]\n",
      " [0.00000000e+00 1.00000000e+00 0.00000000e+00]]\n",
      "\n",
      "\n",
      "For depreciation of 8.0%, One step transition matrix is: \n",
      "\n",
      "[[0.000e+00 4.000e+00 0.000e+00]\n",
      " [3.000e+00 1.223e+03 2.000e+00]\n",
      " [1.000e+00 1.000e+00 0.000e+00]]\n",
      "\n",
      "\n",
      "Corresponding One step transition probability matrix is :\n",
      "\n",
      "[[0.         1.         0.        ]\n",
      " [0.002443   0.99592834 0.00162866]\n",
      " [0.5        0.5        0.        ]]\n",
      "\n",
      "\n",
      "For depreciation of 5.0%, One step transition matrix is: \n",
      "\n",
      "[[1.000e+00 6.000e+00 0.000e+00]\n",
      " [5.000e+00 1.212e+03 5.000e+00]\n",
      " [1.000e+00 4.000e+00 0.000e+00]]\n",
      "\n",
      "\n",
      "Corresponding One step transition probability matrix is :\n",
      "\n",
      "[[0.14285714 0.85714286 0.        ]\n",
      " [0.00409165 0.99181669 0.00409165]\n",
      " [0.2        0.8        0.        ]]\n",
      "\n",
      "\n",
      "For depreciation of 2.0%, One step transition matrix is: \n",
      "\n",
      "[[1.20e+01 4.40e+01 1.00e+00]\n",
      " [4.00e+01 1.01e+03 5.10e+01]\n",
      " [5.00e+00 4.70e+01 2.40e+01]]\n",
      "\n",
      "\n",
      "Corresponding One step transition probability matrix is :\n",
      "\n",
      "[[0.21052632 0.77192982 0.01754386]\n",
      " [0.03633061 0.91734787 0.04632153]\n",
      " [0.06578947 0.61842105 0.31578947]]\n",
      "\n",
      "\n",
      "For depreciation of 1.0%, One step transition matrix is: \n",
      "\n",
      "[[ 57. 122.  17.]\n",
      " [121. 590. 121.]\n",
      " [ 18. 119.  69.]]\n",
      "\n",
      "\n",
      "Corresponding One step transition probability matrix is :\n",
      "\n",
      "[[0.29081633 0.62244898 0.08673469]\n",
      " [0.14543269 0.70913462 0.14543269]\n",
      " [0.08737864 0.5776699  0.33495146]]\n",
      "\n",
      "\n"
     ]
    }
   ],
   "source": [
    "# ITC\n",
    "probability_transition_matrix(itc5_prices, depreciation)"
   ]
  },
  {
   "cell_type": "code",
   "execution_count": 22,
   "metadata": {},
   "outputs": [
    {
     "name": "stderr",
     "output_type": "stream",
     "text": [
      "C:\\Users\\KRISHNENDU\\anaconda3\\lib\\site-packages\\pandas\\core\\frame.py:5034: SettingWithCopyWarning: \n",
      "A value is trying to be set on a copy of a slice from a DataFrame\n",
      "\n",
      "See the caveats in the documentation: https://pandas.pydata.org/pandas-docs/stable/user_guide/indexing.html#returning-a-view-versus-a-copy\n",
      "  return super().rename(\n"
     ]
    }
   ],
   "source": [
    "rel5.rename(columns = {'Price':'Reliance'}, inplace = True)\n",
    "airt5.rename(columns = {'Price':'Airtel'}, inplace = True)\n",
    "inf5.rename(columns = {'Price':'Infosys'}, inplace = True)\n",
    "hdfc5.rename(columns = {'Price':'HDFC'}, inplace = True)\n",
    "itc5.rename(columns = {'Price':'ITC'}, inplace = True)\n",
    "\n",
    "rel4.rename(columns = {'Price':'Reliance'}, inplace = True)\n",
    "airt4.rename(columns = {'Price':'Airtel'}, inplace = True)\n",
    "inf4.rename(columns = {'Price':'Infosys'}, inplace = True)\n",
    "hdfc4.rename(columns = {'Price':'HDFC'}, inplace = True)\n",
    "itc4.rename(columns = {'Price':'ITC'}, inplace = True)\n",
    "\n",
    "rel3.rename(columns = {'Price':'Reliance'}, inplace = True)\n",
    "airt3.rename(columns = {'Price':'Airtel'}, inplace = True)\n",
    "inf3.rename(columns = {'Price':'Infosys'}, inplace = True)\n",
    "hdfc3.rename(columns = {'Price':'HDFC'}, inplace = True)\n",
    "itc3.rename(columns = {'Price':'ITC'}, inplace = True)\n",
    "\n",
    "rel2.rename(columns = {'Price':'Reliance'}, inplace = True)\n",
    "airt2.rename(columns = {'Price':'Airtel'}, inplace = True)\n",
    "inf2.rename(columns = {'Price':'Infosys'}, inplace = True)\n",
    "hdfc2.rename(columns = {'Price':'HDFC'}, inplace = True)\n",
    "itc2.rename(columns = {'Price':'ITC'}, inplace = True)\n",
    "\n",
    "rel1.rename(columns = {'Price':'Reliance'}, inplace = True)\n",
    "airt1.rename(columns = {'Price':'Airtel'}, inplace = True)\n",
    "inf1.rename(columns = {'Price':'Infosys'}, inplace = True)\n",
    "hdfc1.rename(columns = {'Price':'HDFC'}, inplace = True)\n",
    "itc1.rename(columns = {'Price':'ITC'}, inplace = True)"
   ]
  },
  {
   "cell_type": "code",
   "execution_count": 23,
   "metadata": {},
   "outputs": [
    {
     "data": {
      "text/html": [
       "<div>\n",
       "<style scoped>\n",
       "    .dataframe tbody tr th:only-of-type {\n",
       "        vertical-align: middle;\n",
       "    }\n",
       "\n",
       "    .dataframe tbody tr th {\n",
       "        vertical-align: top;\n",
       "    }\n",
       "\n",
       "    .dataframe thead th {\n",
       "        text-align: right;\n",
       "    }\n",
       "</style>\n",
       "<table border=\"1\" class=\"dataframe\">\n",
       "  <thead>\n",
       "    <tr style=\"text-align: right;\">\n",
       "      <th></th>\n",
       "      <th>Date</th>\n",
       "      <th>Reliance</th>\n",
       "      <th>Airtel</th>\n",
       "      <th>Infosys</th>\n",
       "      <th>HDFC</th>\n",
       "      <th>ITC</th>\n",
       "    </tr>\n",
       "  </thead>\n",
       "  <tbody>\n",
       "    <tr>\n",
       "      <th>0</th>\n",
       "      <td>2016-12-26</td>\n",
       "      <td>522.707733</td>\n",
       "      <td>268.888534</td>\n",
       "      <td>492.274994</td>\n",
       "      <td>589.049988</td>\n",
       "      <td>223.925003</td>\n",
       "    </tr>\n",
       "    <tr>\n",
       "      <th>1</th>\n",
       "      <td>2016-12-27</td>\n",
       "      <td>523.562164</td>\n",
       "      <td>271.757843</td>\n",
       "      <td>495.475006</td>\n",
       "      <td>590.200012</td>\n",
       "      <td>229.625000</td>\n",
       "    </tr>\n",
       "    <tr>\n",
       "      <th>2</th>\n",
       "      <td>2016-12-28</td>\n",
       "      <td>524.193665</td>\n",
       "      <td>275.407608</td>\n",
       "      <td>501.199997</td>\n",
       "      <td>593.987488</td>\n",
       "      <td>234.549995</td>\n",
       "    </tr>\n",
       "    <tr>\n",
       "      <th>3</th>\n",
       "      <td>2016-12-29</td>\n",
       "      <td>524.602265</td>\n",
       "      <td>276.348725</td>\n",
       "      <td>499.037506</td>\n",
       "      <td>597.349976</td>\n",
       "      <td>234.650002</td>\n",
       "    </tr>\n",
       "    <tr>\n",
       "      <th>4</th>\n",
       "      <td>2016-12-30</td>\n",
       "      <td>531.982361</td>\n",
       "      <td>278.758942</td>\n",
       "      <td>501.187500</td>\n",
       "      <td>602.987488</td>\n",
       "      <td>239.349998</td>\n",
       "    </tr>\n",
       "  </tbody>\n",
       "</table>\n",
       "</div>"
      ],
      "text/plain": [
       "         Date    Reliance      Airtel     Infosys        HDFC         ITC\n",
       "0  2016-12-26  522.707733  268.888534  492.274994  589.049988  223.925003\n",
       "1  2016-12-27  523.562164  271.757843  495.475006  590.200012  229.625000\n",
       "2  2016-12-28  524.193665  275.407608  501.199997  593.987488  234.549995\n",
       "3  2016-12-29  524.602265  276.348725  499.037506  597.349976  234.650002\n",
       "4  2016-12-30  531.982361  278.758942  501.187500  602.987488  239.349998"
      ]
     },
     "execution_count": 23,
     "metadata": {},
     "output_type": "execute_result"
    }
   ],
   "source": [
    "df5 = pd.merge(rel5[['Date', 'Reliance']], airt5[['Date', 'Airtel']], how='inner', on='Date')\n",
    "df5 = pd.merge(df5, inf5[['Date', 'Infosys']], how='inner', on='Date')\n",
    "df5 = pd.merge(df5, hdfc5[['Date', 'HDFC']], how='inner', on='Date')\n",
    "df5 = pd.merge(df5, itc5[['Date', 'ITC']], how='inner', on='Date')\n",
    "df5.head()"
   ]
  },
  {
   "cell_type": "code",
   "execution_count": 24,
   "metadata": {},
   "outputs": [],
   "source": [
    "df4 = pd.merge(rel4[['Date', 'Reliance']], airt4[['Date', 'Airtel']], how='inner', on='Date')\n",
    "df4 = pd.merge(df4, inf4[['Date', 'Infosys']], how='inner', on='Date')\n",
    "df4 = pd.merge(df4, hdfc4[['Date', 'HDFC']], how='inner', on='Date')\n",
    "df4 = pd.merge(df4, itc4[['Date', 'ITC']], how='inner', on='Date')\n",
    "\n",
    "df3 = pd.merge(rel3[['Date', 'Reliance']], airt3[['Date', 'Airtel']], how='inner', on='Date')\n",
